   1.5968566e-01
  -1.0152429e-01
   1.3242467e+00
   1.1827579e+00
   1.4875029e+00
   6.7122180e-01
   3.9964433e-02
   4.9708184e-01
  -6.5659542e-01
  -3.9538548e-01
  -8.1985164e-01
  -3.9538548e-01
  -9.0640540e-02
  -2.3212926e-01
  -4.7157171e-01
  -2.8654800e-01
   6.1731929e-02
  -5.4775795e-01
  -2.5389676e-01
  -4.7157171e-01
  -9.7222411e-01
  -3.1919924e-01
  -7.9808414e-01
  -8.7427038e-01
  -7.5454915e-01
  -9.3957286e-01
  -6.4571167e-01
  -8.4161913e-01
  -4.4980422e-01
  -1.6682677e-01
  -1.0701778e+00
  -8.7427038e-01
  -1.0157591e+00
  -1.0266428e+00
  -9.8310786e-01
  -3.9538548e-01
  -2.7566425e-01
  -1.6682677e-01
   2.3587189e-01
   8.9978051e-01
   1.3460142e+00
   4.4266310e-01
   3.0117438e-01
   2.3587189e-01
  -1.4505928e-01
  -3.5185049e-01
  -2.7566425e-01
  -6.4571167e-01
  -8.8515413e-01
  -3.4096674e-01
  -3.0831549e-01
  -2.2124551e-01
   2.6852314e-01
   9.4383172e-02
  -3.9538548e-01
   1.4004329e+00
   2.3587189e-01
   9.8685049e-01
   8.3499424e-02
  -3.1919924e-01
  -4.1715297e-01
  -7.1101416e-01
  -3.6221801e-02
   2.6852314e-01
   1.1392230e+00
   1.0526692e-01
  -3.4096674e-01
  -5.7989296e-02
  -5.5864169e-01
  -1.7771052e-01
   1.8145315e-01
  -9.0640540e-02
   2.9080686e-02
   9.4383172e-02
   1.7056941e-01
  -1.2329178e-01
  -2.7566425e-01
  -1.8859427e-01
  -1.4505928e-01
  -2.4301301e-01
   5.9503557e-01
   1.4880191e-01
   2.4675564e-01
   3.9964433e-02
   1.4880191e-01
   4.4266310e-01
  -3.5705576e-03
  -3.6221801e-02
   1.1615067e-01
   6.7122180e-01
   7.3131902e-03
  -5.7989296e-02
   3.9964433e-02
   2.6852314e-01
  -2.1036176e-01
   6.3857056e-01
  -1.2329178e-01
   1.7595966e+00
   2.3146677e+00
   1.1609905e+00
   5.4061683e-01
   4.3177935e-01
  -4.2803672e-01
  -3.5185049e-01
  -2.6478050e-01
  -3.3008299e-01
  -3.3008299e-01
  -2.3212926e-01
  -2.9743175e-01
  -3.4096674e-01
  -9.0640540e-02
   2.9080686e-02
  -4.0626922e-01
  -4.1715297e-01
  -4.3892047e-01
  -4.6068796e-01
  -1.4505928e-01
  -3.6273423e-01
  -2.3212926e-01
  -3.5185049e-01
  -5.7989296e-02
  -2.4301301e-01
  -2.2124551e-01
  -5.6952544e-01
  -4.0626922e-01
  -1.2329178e-01
  -7.4366540e-01
  -6.8924667e-01
  -4.9333921e-01
  -8.9603787e-01
  -3.6273423e-01
  -3.1919924e-01
   5.0848181e-02
  -4.4980422e-01
  -7.5454915e-01
  -4.8245546e-01
  -5.5864169e-01
  -5.9129294e-01
  -1.0048754e+00
  -5.1510670e-01
  -9.2868912e-01
  -8.8515413e-01
  -9.9399160e-01
  -7.5454915e-01
  -1.1681316e+00
  -9.5045661e-01
  -7.5454915e-01
  -8.6338663e-01
  -5.1510670e-01
  -7.7631665e-01
  -1.1240804e-01
  -3.1919924e-01
  -7.8720040e-01
  -3.4096674e-01
  -6.0217668e-01
  -7.5454915e-01
  -1.0266428e+00
   2.0425740e+00
   1.9233690e-01
   8.3499424e-02
   4.8619809e-01
   2.9894601e+00
   2.9894601e+00
   2.9894601e+00
   1.8196938e-02
   2.6852314e-01
   2.9894601e+00
   1.3791816e-01
   1.3791816e-01
  -2.5338053e-02
  -5.5864169e-01
  -3.7361798e-01
   6.1731929e-02
   1.1615067e-01
   7.3131902e-03
   7.4740804e-01
   7.2615677e-02
   2.2498815e-01
   8.0182678e-01
   1.5963404e+00
   1.8793178e+00
   1.4875029e+00
   1.6725266e+00
   1.0848042e+00
   4.2089560e-01
   7.6917553e-01
   2.9894601e+00
   1.0303855e+00
   7.9094303e-01
   1.3460142e+00
   1.5745729e+00
   8.6712926e-01
   1.5092704e+00
   9.3243175e-01
   7.1475679e-01
   2.9894601e+00
   1.1718742e+00
   8.4536177e-01
   1.3133629e+00
   1.3460142e+00
   1.1283392e+00
   1.7056941e-01
   2.1514115e+00
   2.8262039e+00
   2.9894601e+00
   7.3131902e-03
   2.0322065e-01
  -3.5705576e-03
   2.0322065e-01
  -2.7566425e-01
  -9.0640540e-02
  -3.5185049e-01
  -1.4454305e-02
   6.0591932e-01
   1.2703442e-01
   2.6852314e-01
   8.3499424e-02
   6.7122180e-01
  -1.1240804e-01
   5.0848181e-02
   4.5354685e-01
  -9.0640540e-02
   5.4061683e-01
   8.2359427e-01
   2.4235052e+00
   2.9894601e+00
   1.6398754e+00
   9.8685049e-01
   2.6302964e+00
   9.7596674e-01
   1.9233690e-01
   9.9773424e-01
   2.0861090e+00
   2.8044364e+00
   7.0387305e-01
   1.5968566e-01
   2.7940688e-01
   9.7596674e-01
   1.2703442e-01
   8.3499424e-02
  -5.7989296e-02
  -2.6478050e-01
  -3.6221801e-02
   1.2703442e-01
  -5.3687420e-01
  -4.3892047e-01
   1.9233690e-01
  -2.2124551e-01
   2.1410440e-01
   3.9912811e-01
   2.0322065e-01
   2.4675564e-01
   7.6917553e-01
   2.2058302e+00
  -6.8873044e-02
  -1.7771052e-01
   2.3364352e+00
   2.9894601e+00
   1.4657354e+00
   8.2359427e-01
   1.2262929e+00
   2.2384815e+00
   2.8588551e+00
   9.2154800e-01
   1.5201541e+00
   2.9080686e-02
   8.8889676e-01
   2.9894601e+00
   2.2820165e+00
  -1.9947802e-01
  -1.5594303e-01
   2.9029063e-01
   2.0322065e-01
   1.3786654e+00
   1.0739205e+00
   1.0303855e+00
   1.1609905e+00
   1.1501067e+00
   7.1475679e-01
   1.3677817e+00
   2.4888077e+00
   1.4004329e+00
   2.5541102e+00
   2.9894601e+00
   1.0521530e+00
  -5.7989296e-02
  -2.6478050e-01
   7.2615677e-02
  -2.5338053e-02
   2.4675564e-01
   6.4945431e-01
   1.6072241e+00
   5.8415182e-01
   1.4880191e-01
  -9.0640540e-02
   6.6033806e-01
   4.9708184e-01
  -2.4301301e-01
  -3.5705576e-03
   7.0387305e-01
   2.4675564e-01
  -5.7989296e-02
   4.2089560e-01
   1.1501067e+00
   1.4766191e+00
   6.3857056e-01
   1.1827579e+00
   6.1680306e-01
   2.9080686e-02
  -2.4301301e-01
  -7.0013041e-01
  -4.7105549e-02
  -3.4096674e-01
  -1.0152429e-01
   1.3791816e-01
  -6.8924667e-01
  -5.1510670e-01
  -2.9743175e-01
   6.1731929e-02
  -1.6682677e-01
   1.3791816e-01
   6.1731929e-02
  -2.3212926e-01
  -4.3892047e-01
   2.6852314e-01
   2.2498815e-01
   5.0848181e-02
  -3.6221801e-02
  -3.5185049e-01
   7.3131902e-03
  -2.9743175e-01
  -5.9129294e-01
  -3.4096674e-01
  -3.6221801e-02
  -1.9947802e-01
  -1.5594303e-01
  -3.3008299e-01
  -4.3892047e-01
  -2.1036176e-01
  -3.8450173e-01
  -4.1715297e-01
   1.1065717e+00
  -6.5659542e-01
   1.4880191e-01
   9.4331550e-01
  -5.4775795e-01
  -5.8040919e-01
   6.1731929e-02
   2.1410440e-01
   4.4266310e-01
   3.9964433e-02
   1.7056941e-01
  -4.2803672e-01
   8.2359427e-01
  -4.7157171e-01
  -2.1036176e-01
  -5.1510670e-01
  -9.0640540e-02
   1.8196938e-02
   7.3131902e-03
   2.6852314e-01
  -2.8654800e-01
  -1.8859427e-01
  -6.2394418e-01
  -6.8873044e-02
   5.4061683e-01
  -6.8873044e-02
   6.1731929e-02
   2.9894601e+00
   2.9894601e+00
   2.9894601e+00
   2.9894601e+00
   2.9894601e+00
  -9.5045661e-01
  -9.5045661e-01
  -8.1985164e-01
  -9.3957286e-01
  -1.0048754e+00
  -1.0266428e+00
  -1.3422715e+00
  -1.3205040e+00
  -1.2660853e+00
  -1.2225503e+00
  -1.1137128e+00
  -1.4946440e+00
  -1.6687840e+00
  -1.3096203e+00
  -1.6470165e+00
  -1.3422715e+00
  -1.2007828e+00
  -8.0896789e-01
   7.2615677e-02
  -1.3966903e+00
  -9.5045661e-01
  -1.0701778e+00
  -1.0266428e+00
  -1.0919453e+00
  -1.5272952e+00
  -1.9082264e+00
  -1.7667377e+00
  -1.8429239e+00
  -1.6687840e+00
  -1.1354803e+00
  -1.5490627e+00
  -1.5272952e+00
  -1.9082264e+00
  -1.1572478e+00
   5.8415182e-01
  -5.8040919e-01
   5.4061683e-01
  -8.1985164e-01
  -5.8040919e-01
  -5.0422295e-01
  -6.7836292e-01
  -1.6905515e+00
  -1.6687840e+00
  -1.6361327e+00
  -1.3205040e+00
  -1.4946440e+00
  -1.5381790e+00
  -6.3482793e-01
  -9.0692162e-01
  -1.8859427e-01
  -9.9399160e-01
  -1.1790153e+00
  -1.5490627e+00
  -1.3422715e+00
  -1.2660853e+00
  -1.2552015e+00
  -1.4184578e+00
  -8.7427038e-01
  -9.1780537e-01
  -7.0013041e-01
  -8.9603787e-01
  -1.1790153e+00
  -9.9399160e-01
  -1.4075740e+00
  -1.5055277e+00
  -1.5381790e+00
  -1.0592941e+00
  -1.3096203e+00
  -5.9129294e-01
  -4.4980422e-01
  -7.7631665e-01
  -1.2769690e+00
  -1.1681316e+00
  -8.3073539e-01
  -1.0810616e+00
  -9.1780537e-01
  -1.0375266e+00
  -9.9399160e-01
  -7.9808414e-01
  -7.0013041e-01
  -5.1510670e-01
  -8.3073539e-01
  -9.1780537e-01
  -1.0701778e+00
  -9.8310786e-01
  -8.3073539e-01
  -2.7566425e-01
  -6.6747917e-01
  -5.2599045e-01
  -3.3008299e-01
  -2.5389676e-01
  -1.2329178e-01
  -2.8654800e-01
  -3.8450173e-01
  -3.7361798e-01
  -3.7361798e-01
  -2.6478050e-01
  -2.8654800e-01
  -3.1919924e-01
   7.2615677e-02
   7.9094303e-01
  -9.5045661e-01
  -1.0048754e+00
  -6.3482793e-01
  -1.1463641e+00
  -8.6338663e-01
  -1.2329178e-01
   5.0848181e-02
   1.2703442e-01
   2.6852314e-01
  -7.9756792e-02
  -2.1036176e-01
  -1.4505928e-01
  -3.7361798e-01
  -2.1036176e-01
  -7.9808414e-01
  -1.6905515e+00
  -1.5708302e+00
  -9.7222411e-01
  -2.6478050e-01
  -7.9756792e-02
   2.1410440e-01
   6.1731929e-02
  -3.0831549e-01
  -4.6068796e-01
  -1.4505928e-01
  -5.4775795e-01
  -6.2394418e-01
  -1.4454305e-02
  -2.1036176e-01
   1.4880191e-01
  -5.7989296e-02
  -1.1572478e+00
